49,
223,
750,
57,
241,
467,
832,
852,
83,
201,
247,
279,
375,
41,
880,
734,
33,
67,
95,
205,
239,
287,
361,
373,
401,
509,
555,
571,
605,
621,
27,
37,
61,
105,
129,
171,
185,
487,
730,
760,
834,
858,
31,
53,
931,
75,
85,
107,
191,
237,
283,
319,
541,
597,
631,
714,
722,
842,
43,
884,
77,
973,
163,
177,
221,
269,
321,
371,
397,
447,
495,
567,
601,
716,
754,
800,
846,
25,
35,
45,
59,
939,
113,
127,
169,
181,
209,

///

275,
473,
788,
257,
483,
649,
854,
131,
313,
535,
607,
736,
121,
253,
491,
549,
295,
563,
615,
836,
882,
281,
DELETE FROM users
WHERE id IN (275,
473,
788,
257,
483,
649,
854,
131,
313,
535,
607,
736,
121,
253,
491,
549,
295,
563,
615,
836,
882,
281
);

///



331,
379,
892,
475,



SELECT users.id,
       count(*) AS c
FROM students
join
users ON students.id =  users.user_id 
where students.father_phone != '' 
AND users.role = "parent"
GROUP BY father_phone
HAVING c > 1
ORDER BY c DESC